4294967278,336
4294967278,250
4294967278,325
4294967278,60
4294967278,360
4294967278,59
4294967278,58
4294967278,57
4294967278,56
4294967278,55
4294967278,54
4294967278,260
4294967278,344
4294967278,53
4294967278,52
4294967278,358
4294967278,51
4294967278,50
4294967278,49
4294967278,48
4294967278,47
4294967278,46
4294967278,45
4294967278,44
4294967278,43
4294967278,42
4294967278,41
4294967278,318
4294967278,40
4294967278,39
4294967278,38
4294967278,317
4294967278,37
4294967278,36
4294967278,35
4294967278,34
4294967278,33
4294967278,32
4294967278,31
4294967278,30
4294967278,29
4294967278,28
4294967278,27
4294967278,26
4294967278,25
4294967278,24
4294967278,22
4294967278,20
4294967278,15
4294967278,10
4294967278,8
4294967279,445
4294967279,80
4294967279,79
4294967279,77
4294967279,76
4294967279,75
4294967279,74
4294967279,73
4294967279,72
4294967279,70
4294967279,69
4294967279,67
4294967279,65
4294967279,64
4294967279,62
4294967279,61
4294967279,60
4294967279,57
4294967279,56
4294967279,55
4294967279,52
4294967279,50
4294967279,48
4294967279,47
4294967279,46
4294967279,44
4294967279,42
4294967279,41
4294967279,38
4294967279,36
4294967279,34
4294967279,33
4294967279,32
4294967279,31
4294967279,29
4294967279,27
4294967279,21
4294967279,14
4294967279,13
4294967279,20
4294967279,273
4294967279,19
4294967294,1460
4294967294,166
4294967294,165
168,3
4294967294,1470
4294967279,18
4294967279,288
4294967278,270
168,8
4294967279,291
4294967279,456
4294967279,16
4294967278,14
4294967278,267
4294967278,283
4294967278,13
4294967278,266
4294967278,399
4294967278,12
4294967279,12
4294967279,396
4294967294,108
4294967294,453
4294967294,471
4294967294,448
4294967279,11
4294967278,259
4294967279,279
236,4
236,3
236,2
236,1
4294967278,257
4294967279,455
4294967294,974
4294967294,1462
4294967278,351
4294967278,292
4294967278,291
4294967278,287
4294967278,253
4294967278,339
4294967294,1459
4294967278,398
4294967278,278
4294967278,251
4294967278,249
4294967278,397
4294967294,1020
4294967294,1018
4294967294,164
4294967294,416
4294967294,184
4294967278,357
4294967278,245
4294967278,396
4294967278,244
4294967278,242
4294967294,494
4294967278,395
4294967294,183
4294967294,189
4294967294,180
4294967294,456
4294967294,486
4294967294,120
4294967278,239
4294967294,495
4294967278,237
4294967278,235
4294967294,409
4294967294,421
4294967294,403
4294967294,167
4294967294,112
4294967294,465
4294967294,110
4294967294,455
4294967294,450
4294967294,461
4294967278,174
4294967278,233
4294967294,1022
4294967294,986
4294967278,230
200,3
4294967279,454
4294967278,228
4294967278,224
4294967278,217
4294967279,215
234,5
4294967278,215
234,4
234,3
234,2
234,1
4294967278,214
4294967294,394
4294967294,24
4294967294,489
4294967294,490
4294967294,1424
4294967294,1035
4294967279,214
4294967279,318
4294967278,365
66,3
4294967279,437
4294967279,207
4294967278,205
4294967279,206
4294967278,204
4294967278,335
4294967278,203
4294967279,444
4294967278,201
233,5
233,4
233,3
233,2
233,1
4294967278,364
4294967278,333
4294967294,1437
4294967294,479
4294967294,1446
4294967294,1427
4294967278,196
4294967279,197
4294967279,81
4294967279,195
4294967294,395
4294967294,413
4294967294,399
4294967294,179
4294967294,989
4294967294,1433
4294967294,178
4294967294,1017
4294967294,384
4294967294,590
4294967294,1444
4294967294,485
4294967294,470
4294967294,113
4294967294,449
4294967294,487
4294967294,402
4294967279,453
4294967279,194
4294967294,1469
4294967279,193
4294967279,452
4294967279,192
4294967279,440
4294967278,298
4294967279,187
4294967278,185
4294967279,186
4294967278,184
4294967278,183
4294967279,183
4294967279,179
4294967278,181
232,8
4294967279,182
232,7
4294967278,180
232,6
4294967279,181
232,5
232,4
4294967279,180
232,3
232,2
232,1
4294967279,307
4294967279,451
4294967278,362
4294967279,63
4294967279,420
4294967294,392
4294967279,176
4294967279,175
4294967278,172
4294967279,172
4294967279,436
4294967279,170
4294967279,169
4294967279,168
4294967279,167
4294967279,404
4294967278,162
4294967278,372
4294967279,161
4294967279,160
4294967278,320
4294967279,158
4294967279,156
4294967279,155
4294967279,150
4294967294,429
4294967294,1454
4294967294,1452
4294967294,114
4294967278,149
4294967279,149
4294967279,432
4294967279,148
4294967278,371
4294967279,144
4294967279,146
4294967278,144
4294967279,143
4294967294,1468
4294967278,314
4294967278,132
4294967278,131
4294967278,130
4294967278,129
4294967278,125
4294967278,123
4294967278,122
4294967278,121
4294967278,120
4294967278,118
4294967278,117
4294967278,112
4294967278,110
4294967278,109
4294967278,108
4294967278,107
4294967278,106
4294967278,102
4294967278,100
4294967278,99
4294967278,98
4294967278,97
4294967278,96
4294967278,92
4294967278,90
4294967278,89
4294967278,87
4294967278,86
4294967278,85
4294967278,81
4294967278,79
4294967278,78
4294967278,77
4294967278,76
4294967278,75
4294967278,71
4294967278,69
4294967278,68
4294967278,67
4294967278,66
4294967278,65
4294967278,61
4294967278,382
4294967279,78
4294967279,71
4294967279,68
4294967279,66
4294967279,59
4294967279,58
4294967279,54
4294967279,51
4294967279,49
4294967279,45
4294967279,40
4294967279,401
4294967279,39
4294967279,37
4294967279,35
4294967279,398
4294967279,30
4294967279,23
4294967279,10
4294967279,442
4294967279,25
4294967279,430
201,3
4294967294,437
4294967294,396
4294967294,187
4294967294,419
4294967294,186
4294967294,407
4294967294,385
4294967294,1435
4294967294,406
4294967294,474
4294967294,191
4294967294,478
4294967294,482
4294967294,480
4294967294,1451
4294967279,24
4294967279,135
4294967279,134
4294967279,293
